R-9.8 Illustrate the execution of the insertion-sort algorithm on the input 
sequence of the previous problem.

Answer:
------


            Sequence                                    Priority Queue 
Input       (22, 15, 36, 44, 10, 3, 9, 13, 29, 25)      ()
-------
Phase 1     
            (15, 36, 44, 10, 3, 9, 13, 29, 25)          (22)
            (36, 44, 10, 3, 9, 13, 29, 25)              (15, 22)
            (44, 10, 3, 9, 13, 29, 25)                  (15, 22, 36)
            (10, 3, 9, 13, 29, 25)                      (15, 22, 36, 44)
            (3, 9, 13, 29, 25)                          (10, 15, 22, 36, 44)
            (9, 13, 29, 25)                             (3, 10, 15, 22, 36, 44)
            (13, 29, 25)                                (3, 9, 10, 15, 22, 36, 44)
            (29, 25)                                    (3, 9, 10, 13, 15, 22, 36, 44)
            (25)                                        (3, 9, 10, 13, 15, 22, 29, 36, 44)
            ()                                          (3, 9, 10, 13, 15, 22, 25, 29, 36, 44)
-------
Phase 2     
            (3)                                         (9, 10, 13, 15, 22, 25, 29, 36, 44)
            (3, 9)                                      (10, 13, 15, 22, 25, 29, 36, 44)
            (3, 9, 10)                                  (13, 15, 22, 25, 29, 36, 44)
            (3, 9, 10, 13)                              (15, 22, 25, 29, 36, 44)
            (3, 9, 10, 13, 15)                          (22, 25, 29, 36, 44)
            (3, 9, 10, 13, 15, 22)                      (25, 29, 36, 44)
            (3, 9, 10, 13, 15, 22, 25)                  (29, 36, 44)
            (3, 9, 10, 13, 15, 22, 25, 29)              (36, 44)
            (3, 9, 10, 13, 15, 22, 25, 29, 36)          (44)
            (3, 9, 10, 13, 15, 22, 25, 29, 36, 44)      ()
