R-9.7 Illustrate the execution of the selection-sort algorithm on the following 
input sequence: (22, 15, 36, 44, 10, 3, 9, 13, 29, 25).

Answer:
------


            Sequence                                    Priority Queue 
Input       (22, 15, 36, 44, 10, 3, 9, 13, 29, 25)      ()
-------
Phase 1     
            (15, 36, 44, 10, 3, 9, 13, 29, 25)          (22)
            (36, 44, 10, 3, 9, 13, 29, 25)              (22, 15)
            (44, 10, 3, 9, 13, 29, 25)                  (22, 15, 36)
            (10, 3, 9, 13, 29, 25)                      (22, 15, 36, 44)
            (3, 9, 13, 29, 25)                          (22, 15, 36, 44, 10)
            (9, 13, 29, 25)                             (22, 15, 36, 44, 10, 3)
            (13, 29, 25)                                (22, 15, 36, 44, 10, 3, 9)
            (29, 25)                                    (22, 15, 36, 44, 10, 3, 9, 13)
            (25)                                        (22, 15, 36, 44, 10, 3, 9, 13, 29)
            ()                                          (22, 15, 36, 44, 10, 3, 9, 13, 29, 25)
-------
Phase 2     
            (3)                                         (22, 15, 36, 44, 10, 9, 13, 29, 25)
            (3, 9)                                      (22, 15, 36, 44, 10, 13, 29, 25)
            (3, 9, 10)                                  (22, 15, 36, 44, 13, 29, 25)
            (3, 9, 10, 13)                              (22, 15, 36, 44, 29, 25)
            (3, 9, 10, 13, 15)                          (22, 36, 44, 29, 25)
            (3, 9, 10, 13, 15, 22)                      (36, 44, 29, 25)
            (3, 9, 10, 13, 15, 22, 25)                  (36, 44, 29)
            (3, 9, 10, 13, 15, 22, 25, 29)              (36, 44)
            (3, 9, 10, 13, 15, 22, 25, 29, 36)          (44)
            (3, 9, 10, 13, 15, 22, 25, 29, 36, 44)      ()